< Point NoPoints      8194>
< id domain_id area X Y Z Nx Ny Nz P1x P1y P1z P2x P2y P2z C1 C2  >
< Inner >
         0    0     0.325    86.478   101.622   101.912   0.964  -0.087  -0.250  -0.079  -0.996   0.041   0.252   0.020   0.967   0.051   0.014
         1    0     0.243   107.071    93.632    88.042  -0.551   0.431   0.715  -0.534   0.477  -0.699   0.642   0.766   0.033   0.120   0.081
         2    0     0.291   106.932   101.723   110.521  -0.551  -0.172  -0.817  -0.610  -0.584   0.535   0.569  -0.793  -0.217   0.092   0.024
         3    0     0.290    94.219   104.345   110.467   0.471  -0.302  -0.829   0.652  -0.513   0.558   0.594   0.803   0.045   0.114   0.035
         4    0     0.245   104.599   104.612   110.870  -0.280  -0.360  -0.890  -0.951  -0.024   0.309   0.133  -0.933   0.336   0.133   0.067
         5    0     0.314    89.479    95.130   106.369   0.697   0.365  -0.617  -0.506  -0.358  -0.784   0.507  -0.859   0.065   0.095   0.057
         6    0     0.381   101.305   108.265   109.704  -0.102  -0.593  -0.799   0.358  -0.771   0.526   0.928   0.233  -0.291   0.083   0.030
         7    0     0.345   109.332    89.516    99.277  -0.655   0.752  -0.075   0.550   0.407  -0.730   0.518   0.519   0.680   0.061   0.046
         8    0     0.275    90.766    90.122    94.530   0.682   0.687   0.250   0.699  -0.713   0.055  -0.216  -0.138   0.967   0.081   0.025
         9    0     0.222    93.844   100.633   111.042   0.356  -0.080  -0.931   0.920  -0.143   0.365   0.162   0.986  -0.022   0.143   0.062
        10    0     0.251   106.349    98.411   110.852  -0.412   0.153  -0.898   0.754  -0.496  -0.430   0.512   0.855  -0.088   0.106   0.063
        11    0     0.350   113.034    96.236    94.694  -0.938   0.251   0.241  -0.245  -0.968   0.056  -0.247   0.006  -0.969   0.071   0.015
        12    0     0.178   111.328    92.625   102.284  -0.794   0.549  -0.260  -0.558  -0.829  -0.046   0.240  -0.109  -0.965   0.110   0.036
        13    0     0.255    94.949    87.677    93.882   0.340   0.887   0.313   0.927  -0.261  -0.269   0.157  -0.381   0.911   0.083   0.034
        14    0     0.408   101.487    96.224   111.865  -0.095   0.262  -0.960  -0.901  -0.432  -0.029   0.423  -0.863  -0.277   0.099   0.003
        15    0     0.362    98.430   104.905   111.489   0.082  -0.307  -0.948  -0.722  -0.675   0.156   0.687  -0.671   0.277   0.090  -0.002
        16    0     0.296   110.542    94.198   105.689  -0.739   0.366  -0.566  -0.622  -0.694   0.362   0.261  -0.620  -0.740   0.089   0.051
        17    0     0.211   101.913    88.132   105.710  -0.142   0.802  -0.580   0.079  -0.575  -0.814   0.987   0.162  -0.018   0.139   0.077
        18    0     0.327    90.246    91.464   103.856   0.704   0.596  -0.387   0.645  -0.306   0.700  -0.299   0.742   0.600   0.083   0.053
        19    0     0.294    97.208    86.520   101.273   0.202   0.963  -0.181   0.759  -0.271  -0.592   0.619   0.017   0.785   0.093   0.058
        20    0     0.198   112.378   104.509   103.332  -0.901  -0.283  -0.330   0.340  -0.931  -0.131   0.270   0.230  -0.935   0.106   0.059
        21    0     0.272   112.031    92.722    98.692  -0.858   0.513   0.006  -0.125  -0.199  -0.972   0.497   0.835  -0.235   0.087   0.042
        22    0     0.464    88.332    92.168    98.932   0.839   0.543  -0.034  -0.163   0.192  -0.968   0.519  -0.818  -0.250   0.083   0.074
        23    0     0.218    92.904    89.854    91.720   0.490   0.688   0.535   0.203   0.507  -0.838   0.848  -0.519  -0.109   0.127   0.038
        24    0     0.314    92.381    88.682   101.818   0.542   0.813  -0.212  -0.652   0.247  -0.717   0.531  -0.526  -0.664   0.079   0.058
        25    0     0.245   112.686    95.778   102.762  -0.907   0.290  -0.306   0.160  -0.436  -0.886   0.390   0.852  -0.349   0.093   0.016
        26    0     0.306    95.914    86.574    97.484   0.267   0.963   0.049   0.632  -0.136  -0.763   0.727  -0.234   0.645   0.087   0.057
        27    0     0.334    99.911    86.768    93.631   0.048   0.933   0.358   0.271   0.333  -0.903   0.962  -0.140   0.236   0.065   0.024
        28    0     0.355   107.356    90.319    91.333  -0.521   0.693   0.499  -0.578  -0.716   0.391  -0.628   0.085  -0.773   0.081   0.024
        29    0     0.322    88.980    96.744    90.286   0.782   0.185   0.595   0.527  -0.706  -0.473  -0.333  -0.684   0.649   0.069   0.063
        30    0     0.327    86.135   102.281    97.757   0.982  -0.165   0.097   0.050  -0.265  -0.963  -0.184  -0.950   0.252   0.101   0.054
        31    0     0.310   102.012    92.562   110.169  -0.141   0.575  -0.806   0.418  -0.703  -0.575   0.897   0.418   0.141   0.112   0.052
        32    0     0.286   101.321    86.022    97.542  -0.047   0.998   0.029  -0.938  -0.034  -0.345   0.344   0.044  -0.938   0.069   0.054
        33    0     0.291   110.132   103.463    89.278  -0.735  -0.207   0.646   0.529  -0.770   0.356  -0.424  -0.604  -0.675   0.093   0.052
        34    0     0.261   107.645    88.517    95.667  -0.521   0.829   0.204  -0.822  -0.422  -0.383   0.231   0.367  -0.901   0.124   0.099
        35    0     0.327    99.111   106.039    85.730   0.049  -0.418   0.907  -0.996   0.043   0.074   0.070   0.907   0.414   0.085   0.049
        36    0     0.250    96.369    89.083    90.312   0.240   0.773   0.587  -0.734   0.540  -0.412   0.635   0.331  -0.697   0.145   0.088
        37    0     0.333   106.690   107.318   108.377  -0.505  -0.473  -0.722   0.721  -0.691  -0.052   0.475   0.546  -0.690   0.090   0.044
        38    0     0.335   109.569    98.341   108.572  -0.697   0.136  -0.704  -0.049  -0.989  -0.142   0.716   0.065  -0.696   0.105   0.058
        39    0     0.284   112.357    99.905   105.118  -0.868   0.039  -0.496  -0.225  -0.920   0.322   0.443  -0.390  -0.807   0.101   0.015
        40    0     0.244   106.988   107.292    88.610  -0.501  -0.500   0.706   0.269   0.686   0.676   0.823  -0.529   0.209   0.099   0.041
        41    0     0.290   109.224   109.755    94.206  -0.681  -0.652   0.333   0.549  -0.155   0.821   0.484  -0.742  -0.463   0.106   0.007
        42    0     0.333   111.361   108.271    98.922  -0.820  -0.571  -0.039  -0.251   0.296   0.922   0.515  -0.765   0.386   0.109   0.022
        43    0     0.255   113.632    96.536    98.503  -0.978   0.207  -0.005  -0.189  -0.885   0.425  -0.084  -0.417  -0.905   0.137   0.093
        44    0     0.233   107.581   102.635    86.852  -0.544  -0.172   0.821  -0.247  -0.902  -0.353  -0.802   0.395  -0.448   0.129   0.055
        45    0     0.293    94.630   110.917   105.454   0.381  -0.779  -0.499   0.357  -0.374   0.856   0.853   0.504  -0.135   0.107   0.021
        46    0     0.280    97.848   113.814    96.867   0.118  -0.988   0.100   0.799   0.155   0.581   0.589  -0.012  -0.808   0.051   0.041
        47    0     0.305   104.622   104.421    85.871  -0.293  -0.329   0.898   0.646   0.624   0.440   0.705  -0.708  -0.030   0.079   0.066
        48    0     0.308   100.026    89.740    88.782   0.006   0.734   0.679   0.842   0.362  -0.399   0.539  -0.574   0.616   0.086   0.061
        49    0     0.239   111.743    98.041    90.911  -0.834   0.091   0.544   0.229  -0.840   0.492  -0.501  -0.535  -0.680   0.109   0.070
        50    0     0.354   105.559   110.018   106.559  -0.403  -0.734  -0.546  -0.859   0.097   0.502   0.316  -0.672   0.670   0.109   0.037
        51    0     0.306    92.205   108.228   106.728   0.565  -0.555  -0.610   0.224  -0.608   0.762   0.794   0.567   0.219   0.091   0.068
        52    0     0.270   110.033   106.666    91.142  -0.701  -0.503   0.505   0.601  -0.799   0.039  -0.384  -0.331  -0.862   0.101  -0.002
        53    0     0.308   104.176    99.890    84.970  -0.340   0.022   0.940   0.547  -0.809   0.216  -0.765  -0.588  -0.263   0.100   0.038
        54    0     0.324    95.168   113.097   100.107   0.362  -0.921  -0.143   0.012  -0.148   0.989   0.932   0.360   0.043   0.061   0.025
        55    0     0.330   113.819   101.987    96.680  -0.991  -0.095   0.098   0.131  -0.865   0.485  -0.039  -0.493  -0.869   0.087   0.079
        56    0     0.368    87.687   101.890    91.868   0.901  -0.139   0.412   0.039  -0.918  -0.394  -0.433  -0.371   0.822   0.110   0.061
        57    0     0.273   108.942   110.836    97.584  -0.578  -0.814   0.049   0.806  -0.580  -0.118  -0.124   0.029  -0.992   0.089   0.024
        58    0     0.386   110.416   107.165   104.568  -0.713  -0.566  -0.413   0.063  -0.639   0.767   0.698  -0.521  -0.492   0.068   0.043
        59    0     0.252   105.184   110.035    90.011  -0.421  -0.713   0.560   0.877  -0.477   0.052  -0.231  -0.513  -0.827   0.076   0.029
        60    0     0.305   113.129   104.875    99.677  -0.933  -0.350  -0.081   0.146  -0.573   0.806   0.329  -0.741  -0.586   0.081   0.039
        61    0     0.300   112.237   105.326    93.946  -0.865  -0.422   0.271   0.085  -0.656  -0.750  -0.494   0.626  -0.603   0.094   0.056
        62    0     0.318   104.648   112.889   101.568  -0.325  -0.920  -0.220  -0.587   0.014   0.809   0.741  -0.392   0.545   0.075   0.024
        63    0     0.331    93.373   109.278    90.162   0.475  -0.695   0.540  -0.763  -0.018   0.647   0.439   0.719   0.539   0.080   0.064
        64    0     0.401    91.316    99.200   109.433   0.645   0.062  -0.762   0.076  -0.997  -0.016   0.761   0.047   0.647   0.064  -0.015
        65    0     0.230   103.354    88.478    91.067  -0.243   0.805   0.542  -0.207   0.503  -0.839   0.948   0.316  -0.044   0.108   0.097
        66    0     0.310    90.607    92.868    90.733   0.622   0.510   0.595   0.634   0.118  -0.764   0.459  -0.852   0.250   0.079   0.046
        67    0     0.286   112.806   101.599    92.812  -0.904  -0.096   0.417   0.405  -0.506   0.762  -0.138  -0.857  -0.496   0.088   0.041
        68    0     0.280   102.917   108.533    87.606  -0.172  -0.588   0.790  -0.784   0.567   0.252   0.596   0.577   0.559   0.095   0.028
        69    0     0.330    99.993   101.967    84.475   0.009  -0.145   0.989   0.617   0.780   0.109   0.787  -0.609  -0.097   0.101   0.033
        70    0     0.357    86.138    97.619    98.202   0.977   0.211  -0.014   0.125  -0.631  -0.765   0.170  -0.746   0.644   0.093   0.053
        71    0     0.359   103.365   113.639    97.734  -0.252  -0.966   0.058   0.962  -0.257  -0.090  -0.102  -0.034  -0.994   0.111   0.076
        72    0     0.400    92.164    97.359    87.024   0.574   0.168   0.801   0.115  -0.986   0.124  -0.811  -0.021   0.585   0.104   0.051
        73    0     0.278   109.082    91.311   104.710  -0.625   0.632  -0.458   0.342  -0.305  -0.889   0.702   0.712   0.025   0.099  -0.006
        74    0     0.226    98.944   110.853   107.284   0.104  -0.746  -0.658  -0.875  -0.383   0.297   0.473  -0.545   0.692   0.141   0.086
        75    0     0.285    97.144    92.415   109.900   0.169   0.494  -0.853  -0.181  -0.835  -0.520   0.969  -0.242   0.051   0.094   0.019
        76    0     0.306   106.193   111.766    93.805  -0.393  -0.864   0.313  -0.036   0.355   0.934   0.919  -0.356   0.170   0.104   0.072
        77    0     0.206    88.093    98.355   105.700   0.845   0.080  -0.528   0.534  -0.095   0.840  -0.017   0.992   0.123   0.111   0.058
        78    0     0.293   105.254    89.607   106.286  -0.357   0.727  -0.587  -0.924  -0.367   0.108   0.137  -0.581  -0.803   0.089   0.053
        79    0     0.320    89.888   106.280    90.910   0.738  -0.451   0.503  -0.647  -0.257   0.718   0.194   0.855   0.481   0.091   0.018
        80    0     0.340    87.298    96.189   103.093   0.917   0.288  -0.277   0.310  -0.950   0.037   0.252   0.120   0.960   0.095   0.040
        81    0     0.194    97.444   112.579   104.146   0.194  -0.897  -0.398   0.863  -0.037   0.504   0.467   0.441  -0.766   0.105   0.064
        82    0     0.298   101.633   112.288   105.043  -0.145  -0.862  -0.485   0.275  -0.506   0.817   0.950   0.015  -0.311   0.089   0.035
        83    0     0.254    94.220    94.638   110.053   0.476   0.366  -0.799  -0.829  -0.115  -0.547   0.292  -0.923  -0.249   0.145   0.070
        84    0     0.261    99.669   100.406   112.457   0.084  -0.044  -0.995   0.905  -0.416   0.095   0.418   0.908  -0.005   0.151   0.098
        85    0     0.293    95.943   107.439   109.628   0.275  -0.574  -0.771  -0.767  -0.614   0.183   0.579  -0.542   0.609   0.079   0.049
        86    0     0.247   106.400    88.383   103.076  -0.456   0.835  -0.310  -0.889  -0.409   0.206  -0.045  -0.369  -0.928   0.130   0.075
        87    0     0.305   101.542    86.655   102.566  -0.132   0.953  -0.273  -0.790  -0.267  -0.551   0.598  -0.143  -0.788   0.063   0.005
        88    0     0.242    91.817   111.403    99.385   0.571  -0.821   0.003   0.029   0.024   0.999   0.820   0.571  -0.037   0.122   0.102
        89    0     0.293    99.311   113.772   101.176   0.018  -0.984  -0.179  -0.648  -0.148   0.747   0.762  -0.103   0.640   0.071   0.063
        90    0     0.292    93.600    91.422   107.524   0.479   0.599  -0.642   0.662  -0.726  -0.183   0.576   0.337   0.745   0.111   0.027
        91    0     0.270    89.894   103.823   107.406   0.679  -0.277  -0.680  -0.650  -0.657  -0.382   0.340  -0.701   0.626   0.145   0.099
        92    0     0.407   106.069    93.697   109.411  -0.460   0.439  -0.772   0.112  -0.834  -0.541   0.881   0.335  -0.334   0.070   0.058
        93    0     0.182    98.358    87.589   104.805   0.121   0.881  -0.458  -0.075  -0.452  -0.889   0.990  -0.142  -0.011   0.098   0.068
        94    0     0.300    95.871    97.594   111.629   0.251   0.196  -0.948   0.246  -0.960  -0.134   0.936   0.199   0.289   0.103   0.048
        95    0     0.329   110.865   103.398   106.666  -0.722  -0.243  -0.648   0.692  -0.233  -0.683  -0.015   0.942  -0.337   0.106   0.041
        96    0     0.262    98.589    89.879   108.061   0.088   0.727  -0.681  -0.989  -0.017  -0.146   0.118  -0.686  -0.718   0.103   0.041
        97    0     0.263   103.344    86.921    94.445  -0.300   0.913   0.276  -0.950  -0.261  -0.170   0.083   0.313  -0.946   0.050   0.043
        98    0     0.277   107.829   111.302   101.394  -0.589  -0.761  -0.272   0.283  -0.509   0.813   0.757  -0.402  -0.515   0.157   0.096
        99    0     0.251    88.967   108.693    99.107   0.781  -0.620  -0.076  -0.282  -0.458   0.843   0.558   0.637   0.532   0.081   0.015
       100    0     0.243    92.135    88.373    97.536   0.575   0.817   0.042   0.067   0.004  -0.998   0.816  -0.576   0.053   0.117   0.085
       101    0     0.367    89.949   102.745    88.944   0.679  -0.149   0.719  -0.333  -0.935   0.121  -0.654   0.321   0.685   0.089   0.052
       102    0     0.275   102.976   101.597   112.052  -0.202  -0.102  -0.974   0.379  -0.925   0.018   0.903   0.366  -0.226   0.106  -0.009
       103    0     0.268    94.837    88.715   105.016   0.374   0.797  -0.474  -0.099  -0.474  -0.875   0.922  -0.374   0.098   0.057   0.050
       104    0     0.311    88.683   106.121   104.078   0.796  -0.457  -0.397  -0.347  -0.882   0.320   0.496   0.117   0.861   0.036   0.032
       105    0     0.390    94.976   102.543    85.512   0.386  -0.173   0.906  -0.918   0.018   0.395   0.085   0.985   0.152   0.093   0.071
       106    0     0.348    89.996   109.168    94.697   0.663  -0.696   0.276  -0.587  -0.712  -0.385  -0.464  -0.093   0.881   0.111   0.068
       107    0     0.293   110.933    94.496    91.469  -0.742   0.413   0.527  -0.624  -0.140  -0.769   0.244   0.900  -0.362   0.083   0.033
       108    0     0.257    86.661    97.719    94.559   0.949   0.111   0.295   0.114  -0.993   0.005  -0.294  -0.029   0.955   0.122   0.085
       109    0     0.395   108.967    98.042    87.743  -0.616   0.141   0.775  -0.689  -0.574  -0.443  -0.383   0.806  -0.451   0.078   0.061
       110    0     0.298   113.630    99.801   101.873  -0.979  -0.012  -0.203   0.168  -0.611  -0.774   0.115   0.792  -0.600   0.100   0.067
       111    0     0.296    97.298   112.264    92.068   0.196  -0.847   0.495  -0.020   0.501   0.865   0.980   0.179  -0.081   0.082   0.041
       112    0     0.277   104.150    91.953    87.636  -0.261   0.604   0.753  -0.707   0.411  -0.575   0.657   0.683  -0.320   0.088   0.021
       113    0     0.309    98.852    93.165    86.160   0.045   0.460   0.887  -0.215   0.871  -0.442   0.976   0.171  -0.138   0.094   0.045
       114    0     0.296   103.920    94.958    85.869  -0.290   0.324   0.901  -0.829  -0.556  -0.067  -0.479   0.766  -0.429   0.115   0.003
       115    0     0.335    94.852   112.575    94.753   0.444  -0.859   0.255  -0.865  -0.337   0.371   0.233   0.385   0.893   0.084   0.076
       116    0     0.320    87.571   106.241    96.290   0.895  -0.401   0.197  -0.092   0.265   0.960   0.437   0.877  -0.200   0.093   0.043
       117    0     0.344    96.206    97.737    85.048   0.244   0.150   0.958   0.899  -0.406  -0.165  -0.365  -0.901   0.234   0.092   0.057
       118    0     0.299   101.587   111.300    90.180  -0.084  -0.810   0.580   0.700   0.366   0.613   0.709  -0.458  -0.537   0.116   0.005
       119    0     0.284    91.137   110.086   102.583   0.620  -0.718  -0.316  -0.765  -0.643  -0.040   0.174  -0.267   0.948   0.108   0.003
       120    0     0.313    97.194   108.682    87.693   0.163  -0.658   0.735   0.042   0.749   0.661   0.986   0.077  -0.150   0.079   0.060
       121    0     0.257   100.649   113.249    93.722  -0.097  -0.942   0.322  -0.855   0.244   0.457   0.509   0.231   0.829   0.133   0.079
       122    0     0.296   104.719    86.778    99.251  -0.360   0.931  -0.059   0.224   0.025  -0.974   0.905   0.364   0.218   0.091   0.060
       123    0     0.312    88.164    94.137    93.559   0.854   0.438   0.281   0.473  -0.427  -0.771   0.217  -0.792   0.571   0.055   0.045
       124    0     0.393    95.409    93.177    86.988   0.373   0.511   0.775   0.812   0.224  -0.538   0.449  -0.830   0.331   0.059   0.045
       125    0     0.209    87.813   101.987   105.138   0.851  -0.120  -0.511   0.344  -0.607   0.717   0.396   0.786   0.475   0.118   0.040
       126    0     0.305    93.732   106.421    87.570   0.452  -0.417   0.789  -0.875  -0.035   0.483   0.174   0.908   0.381   0.062   0.029
       127    0     0.253   101.210    97.763    84.566  -0.040   0.190   0.981  -0.161   0.968  -0.194   0.986   0.166   0.009   0.113   0.095
       128    0     0.301   110.591    91.675    94.361  -0.760   0.593   0.267  -0.496  -0.264  -0.827   0.420   0.761  -0.495   0.080   0.049
       129    0     0.206    87.343   105.624   100.851   0.904  -0.396  -0.163  -0.422  -0.889  -0.178   0.075  -0.230   0.970   0.100   0.074
       130    0     0.205   101.648    86.684    93.982  -0.122   0.939   0.322  -0.969  -0.042  -0.244   0.215   0.341  -0.915   0.118   0.072
       131    0     0.219   102.365    86.295    95.964  -0.189   0.969   0.163   0.918   0.233  -0.321   0.349  -0.089   0.933   0.125   0.071
       132    0     0.347    99.035   102.684   112.129   0.126  -0.168  -0.978  -0.825  -0.565  -0.009   0.551  -0.808   0.209   0.104   0.056
       133    0     0.263   101.335   101.012   112.387  -0.093  -0.081  -0.992   0.565  -0.825   0.015   0.820   0.560  -0.123   0.109   0.082
       134    0     0.340   108.122    95.784    87.758  -0.582   0.317   0.749  -0.532   0.548  -0.646   0.615   0.774   0.150   0.095   0.057
       135    0     0.245   113.129    99.852   103.549  -0.931  -0.008  -0.366  -0.213  -0.801   0.560   0.297  -0.599  -0.743   0.132   0.091
       136    0     0.393    99.299    94.211   111.128   0.092   0.391  -0.916   0.828  -0.540  -0.147   0.552   0.745   0.373   0.063   0.054
       137    0     0.225    87.017   101.818   103.576   0.918  -0.123  -0.378  -0.331  -0.764  -0.554   0.221  -0.633   0.742   0.122   0.082
       138    0     0.254   112.560   102.241   104.315  -0.905  -0.162  -0.394  -0.200  -0.655   0.728   0.376  -0.738  -0.561   0.073   0.043
       139    0     0.295   106.195   108.762   107.564  -0.444  -0.621  -0.646  -0.217  -0.625   0.750   0.869  -0.473  -0.142   0.109   0.096
       140    0     0.206   100.135    87.747   105.329   0.003   0.861  -0.509  -0.730  -0.346  -0.590   0.683  -0.373  -0.627   0.079   0.060
       141    0     0.351   113.702    99.091    95.637  -0.981   0.065   0.184  -0.192  -0.499  -0.845  -0.037   0.864  -0.502   0.060   0.052
       142    0     0.329   107.975    88.793   101.214  -0.560   0.802  -0.205  -0.202  -0.373  -0.906   0.803   0.466  -0.371   0.079   0.057
       143    0     0.358   101.899   105.321    85.571  -0.138  -0.381   0.914   0.611   0.694   0.381   0.780  -0.611  -0.137   0.060   0.057
       144    0     0.273   100.615    86.205    95.551   0.008   0.984   0.178   0.025   0.177  -0.984   1.000  -0.012   0.023   0.094   0.069
       145    0     0.241   102.726    98.810    84.607  -0.198   0.096   0.976  -0.957   0.194  -0.213   0.210   0.976  -0.053   0.121   0.082
       146    0     0.279    88.626   107.810    95.448   0.811  -0.532   0.242  -0.356  -0.779  -0.517  -0.463  -0.333   0.821   0.114   0.078
       147    0     0.236    92.732    88.703    94.134   0.517   0.809   0.282   0.856  -0.474  -0.207   0.034  -0.348   0.937   0.081   0.059
       148    0     0.246   105.567    94.231    86.813  -0.427   0.357   0.831  -0.607   0.568  -0.556   0.670   0.742   0.026   0.084   0.065
       149    0     0.327    89.799   107.839    92.719   0.724  -0.556   0.408  -0.627  -0.777   0.054  -0.287   0.295   0.911   0.117   0.060
       150    0     0.309   110.138    96.188    89.429  -0.693   0.311   0.650  -0.238  -0.950   0.201  -0.680   0.015  -0.733   0.082   0.063
       151    0     0.239   111.463    96.226    91.103  -0.806   0.264   0.529  -0.467  -0.834  -0.295  -0.363   0.485  -0.796   0.103   0.067
       152    0     0.241    88.208    95.586   104.827   0.827   0.351  -0.439  -0.251  -0.468  -0.847   0.503  -0.811   0.299   0.120   0.098
       153    0     0.318    89.736    93.208   105.203   0.716   0.490  -0.498  -0.466  -0.197  -0.863   0.521  -0.849  -0.087   0.096   0.057
       154    0     0.300   109.395    90.206   102.071  -0.663   0.700  -0.264  -0.748  -0.603   0.278  -0.036  -0.382  -0.924   0.115   0.071
       155    0     0.263    89.144   105.046   105.846   0.753  -0.380  -0.538  -0.658  -0.472  -0.587   0.031  -0.795   0.605   0.102   0.086
       156    0     0.234    88.087   104.111   104.699   0.852  -0.279  -0.443  -0.196  -0.955   0.224   0.485   0.104   0.868   0.079   0.029
       157    0     0.347    90.935   106.104   107.188   0.622  -0.426  -0.658   0.492  -0.441   0.751   0.610   0.790   0.065   0.081   0.052
       158    0     0.404    91.966   104.131   109.057   0.576  -0.298  -0.761  -0.064  -0.945   0.321   0.815   0.136   0.564   0.065   0.039
       159    0     0.236   104.076    93.386    86.629  -0.241   0.481   0.843   0.418   0.835  -0.357   0.876  -0.267   0.402   0.114   0.072
       160    0     0.250    93.447    98.355   110.806   0.470   0.161  -0.868  -0.639  -0.617  -0.460   0.609  -0.771   0.187   0.123   0.079
       161    0     0.264   106.303   112.219   101.520  -0.447  -0.862  -0.238   0.222  -0.365   0.904   0.866  -0.352  -0.354   0.187   0.085
       162    0     0.210   106.142   108.741    89.231  -0.468  -0.626   0.624   0.212   0.606   0.767   0.858  -0.491   0.151   0.110   0.063
       163    0     0.343    96.466    94.932   110.950   0.186   0.354  -0.917   0.321  -0.904  -0.284   0.929   0.242   0.281   0.044  -0.025
       164    0     0.259    94.995    96.080   110.961   0.356   0.279  -0.892   0.934  -0.135   0.331   0.028   0.951   0.309   0.142   0.053
       165    0     0.297   113.468   101.808    94.704  -0.962  -0.082   0.262   0.248  -0.663   0.706  -0.116  -0.744  -0.658   0.081   0.071
       166    0     0.382   112.007   106.918    96.400  -0.852  -0.500   0.156   0.509  -0.718   0.476   0.125  -0.485  -0.866   0.082   0.053
       167    0     0.257   101.652    87.436    92.250  -0.099   0.879   0.467   0.962   0.205  -0.182   0.255  -0.431   0.865   0.085   0.057
       168    0     0.302   101.709    88.985    89.829  -0.130   0.783   0.608   0.807   0.440  -0.394   0.576  -0.439   0.690   0.099   0.069
       169    0     0.327   108.706   107.373   106.617  -0.623  -0.506  -0.596  -0.103  -0.702   0.704   0.775  -0.500  -0.386   0.108   0.052
       170    0     0.226    98.458    88.622   106.513   0.109   0.813  -0.572  -0.417  -0.485  -0.769   0.902  -0.323  -0.286   0.073   0.057
       171    0     0.301   100.580    98.286   112.364  -0.019   0.126  -0.992  -0.998  -0.066   0.010   0.064  -0.990  -0.127   0.109   0.072
       172    0     0.406    98.654    96.848   111.995   0.116   0.263  -0.958  -0.272  -0.919  -0.285   0.955  -0.294   0.035   0.095   0.062
       173    0     0.251    86.254    97.644    96.359   0.974   0.164   0.154   0.073  -0.878   0.474  -0.213   0.450   0.867   0.167   0.068
       174    0     0.247    90.531    91.351    92.533   0.683   0.608   0.404   0.459   0.072  -0.885   0.568  -0.791   0.230   0.115   0.057
       175    0     0.212    91.739    89.879    93.062   0.581   0.717   0.385   0.446   0.116  -0.888   0.681  -0.687   0.253   0.107   0.079
       176    0     0.280   100.254    88.894   106.974  -0.057   0.766  -0.641  -0.879  -0.343  -0.332   0.474  -0.544  -0.693   0.107   0.052
       177    0     0.339   101.995    90.188   108.097  -0.151   0.709  -0.689  -0.053  -0.701  -0.711   0.987   0.071  -0.143   0.039  -0.012
       178    0     0.309   101.450    86.142   100.078  -0.077   0.990  -0.120  -0.447  -0.142  -0.883   0.891   0.014  -0.453   0.067   0.034
       179    0     0.253   103.055    86.236    98.399  -0.211   0.977  -0.014   0.858   0.178  -0.482   0.468   0.114   0.876   0.127   0.078
       180    0     0.254   110.463    90.953   100.814  -0.743   0.640  -0.196  -0.391  -0.652  -0.649   0.543   0.406  -0.735   0.062  -0.000
       181    0     0.220   111.791    92.604   100.508  -0.829   0.536  -0.162  -0.505  -0.590   0.630  -0.242  -0.604  -0.759   0.105   0.061
       182    0     0.313   104.084   107.954   109.274  -0.289  -0.546  -0.786  -0.326  -0.716   0.617   0.900  -0.434  -0.029   0.078   0.071
       183    0     0.353   102.992   106.524   110.443  -0.205  -0.443  -0.873  -0.305  -0.819   0.487   0.930  -0.366  -0.032   0.068   0.044
       184    0     0.217   106.716   100.067   110.824  -0.468  -0.001  -0.884  -0.678  -0.640   0.360   0.566  -0.768  -0.299   0.138   0.082
       185    0     0.260   108.058    98.350   109.852  -0.563   0.156  -0.811  -0.664  -0.670   0.332   0.492  -0.726  -0.481   0.103   0.076
       186    0     0.254    97.199   113.630   100.674   0.198  -0.966  -0.164  -0.766  -0.257   0.589   0.611  -0.009   0.791   0.115   0.078
       187    0     0.327   101.029   107.388    86.502  -0.087  -0.521   0.849  -0.314   0.823   0.473   0.945   0.226   0.235   0.109   0.061
       188    0     0.242   112.579    94.154   100.764  -0.901   0.402  -0.161  -0.245  -0.780  -0.576   0.357   0.480  -0.801   0.074   0.054
       189    0     0.233   103.386    87.581    92.702  -0.278   0.872   0.403  -0.738   0.074  -0.671   0.615   0.483  -0.623   0.101   0.061
       190    0     0.300   111.619   102.559    90.946  -0.823  -0.159   0.546  -0.296  -0.701  -0.649  -0.485   0.696  -0.529   0.086   0.058
       191    0     0.274   111.762   101.668   106.001  -0.830  -0.104  -0.548  -0.528  -0.174   0.832   0.182  -0.979  -0.089   0.112   0.088
       192    0     0.375   106.577    96.432    86.556  -0.453   0.227   0.862  -0.557   0.683  -0.473   0.696   0.695   0.183   0.069   0.055
       193    0     0.338   104.110    97.388    85.244  -0.353   0.187   0.917  -0.313  -0.947   0.072  -0.882   0.262  -0.392   0.060   0.039
       194    0     0.324    95.206   109.345   107.705   0.311  -0.675  -0.669  -0.949  -0.263  -0.176   0.057  -0.689   0.722   0.072   0.062
       195    0     0.214   105.028   101.690   111.479  -0.348  -0.104  -0.932  -0.786  -0.510   0.350   0.511  -0.854  -0.096   0.100   0.069
       196    0     0.368   113.929   100.903    99.288  -0.997  -0.044  -0.058   0.071  -0.428  -0.901  -0.015   0.903  -0.430   0.054   0.039
       197    0     0.366   113.939    99.251    97.581  -0.997   0.054   0.046  -0.066  -0.462  -0.884   0.026   0.885  -0.464   0.068   0.046
       198    0     0.254    93.445    87.844    95.668   0.470   0.860   0.199   0.722  -0.245  -0.647   0.507  -0.447   0.737   0.076   0.047
       199    0     0.403    91.555   109.383    92.337   0.578  -0.704   0.412  -0.503  -0.705  -0.500  -0.642  -0.082   0.762   0.067   0.053
       200    0     0.324   113.185    98.895    93.658  -0.946   0.065   0.318  -0.318   0.010  -0.948   0.065   0.998  -0.011   0.098   0.067
       201    0     0.260   112.567    97.104    92.725  -0.900   0.174   0.401   0.299  -0.424   0.855  -0.318  -0.889  -0.329   0.082   0.055
       202    0     0.303   112.388    99.820    91.797  -0.872   0.006   0.490   0.478  -0.212   0.852  -0.109  -0.977  -0.182   0.090   0.060
       203    0     0.339    99.871   106.693   110.805  -0.022  -0.453  -0.891   0.603  -0.717   0.350   0.798   0.529  -0.289   0.135   0.085
       204    0     0.266    97.097    93.090    86.434   0.196   0.489   0.850   0.656   0.578  -0.484   0.729  -0.653   0.208   0.135   0.081
       205    0     0.308    95.722    95.370    85.778   0.307   0.321   0.896   0.774   0.463  -0.432   0.553  -0.826   0.107   0.096   0.073
       206    0     0.295   100.307    91.098   109.260  -0.058   0.660  -0.749   0.721  -0.491  -0.489   0.690   0.568   0.448   0.123   0.068
       207    0     0.283    99.573    92.386   110.189   0.034   0.520  -0.854   0.861  -0.450  -0.239   0.508   0.726   0.463   0.069   0.040
       208    0     0.345   110.405   100.888   107.797  -0.717  -0.082  -0.693   0.504  -0.748  -0.433   0.482   0.659  -0.577   0.105   0.059
       209    0     0.299   108.376   100.038   109.706  -0.629  -0.059  -0.775   0.158  -0.986  -0.053   0.761   0.156  -0.629   0.084   0.046
       210    0     0.249   112.163    95.298    93.001  -0.859   0.346   0.378  -0.508  -0.482  -0.714   0.065   0.805  -0.590   0.095   0.073
       211    0     0.313   112.034    93.842    94.461  -0.859   0.450   0.244  -0.344  -0.152  -0.927   0.380   0.880  -0.285   0.087   0.077
       212    0     0.346    94.052    91.370    89.196   0.450   0.609   0.653   0.260   0.610  -0.749   0.854  -0.507  -0.116   0.046  -0.003
       213    0     0.291    91.689    91.287    91.156   0.544   0.613   0.573   0.803  -0.184  -0.566   0.242  -0.768   0.593   0.083   0.065
       214    0     0.242    97.531   113.292    94.390   0.156  -0.947   0.282   0.190   0.309   0.932   0.969   0.092  -0.228   0.081   0.022
       215    0     0.287    99.245   113.691    95.263   0.032  -0.978   0.206  -0.892   0.065   0.447   0.450   0.198   0.871   0.069   0.062
       216    0     0.305   112.754    94.384    96.665  -0.896   0.423   0.136  -0.278  -0.773   0.570  -0.346  -0.473  -0.810   0.067   0.027
       217    0     0.299   113.460    96.357    96.581  -0.966   0.225   0.128  -0.249  -0.942  -0.226  -0.070   0.250  -0.966   0.106   0.072
       218    0     0.267   112.986    94.564    98.599  -0.923   0.385  -0.017  -0.133  -0.361  -0.923   0.361   0.850  -0.384   0.106   0.072
       219    0     0.310   101.408    93.962    85.791  -0.092   0.421   0.902  -0.360   0.831  -0.425   0.929   0.364  -0.075   0.119   0.068
       220    0     0.282   102.591    96.320    85.076  -0.159   0.282   0.946  -0.976  -0.191  -0.107  -0.150   0.940  -0.305   0.111   0.056
       221    0     0.366    90.448    97.021    88.528   0.692   0.178   0.700   0.392  -0.906  -0.158  -0.606  -0.384   0.697   0.106   0.070
       222    0     0.455    92.314   111.030    94.672   0.549  -0.793   0.265  -0.122   0.237   0.964   0.827   0.562  -0.034   0.086   0.044
       223    0     0.229    96.565    88.039   104.973   0.230   0.851  -0.471   0.867  -0.400  -0.299   0.443   0.339   0.830   0.085   0.071
       224    0     0.197   112.118    94.148   102.560  -0.863   0.420  -0.280  -0.435  -0.901  -0.010   0.256  -0.113  -0.960   0.090   0.050
       225    0     0.296   107.664   111.467    95.666  -0.503  -0.852   0.147   0.603  -0.223   0.766   0.620  -0.474  -0.626   0.066   0.043
       226    0     0.304   107.753   108.511    90.435  -0.564  -0.636   0.527   0.808  -0.555   0.195  -0.168  -0.536  -0.827   0.055   0.018
       227    0     0.296    97.654    91.248    87.644   0.184   0.644   0.743  -0.838   0.497  -0.224   0.513   0.581  -0.631   0.070   0.027
       228    0     0.331    95.817    90.982    88.488   0.316   0.648   0.693   0.949  -0.216  -0.230  -0.001  -0.731   0.683   0.125   0.062
       229    0     0.371   107.983    95.934   109.206  -0.590   0.309  -0.746   0.654  -0.360  -0.666   0.474   0.880  -0.010   0.089   0.062
       230    0     0.273   105.880   105.938    87.091  -0.417  -0.428   0.802   0.900  -0.073   0.429   0.125  -0.901  -0.416   0.086   0.052
       231    0     0.324   103.809   106.559    86.583  -0.250  -0.462   0.851   0.942   0.085   0.323   0.222  -0.883  -0.414   0.071   0.061
       232    0     0.245   105.023   108.020    87.954  -0.358  -0.539   0.762   0.857   0.133   0.497   0.369  -0.831  -0.415   0.094   0.066
       233    0     0.185   111.076    93.328   104.058  -0.791   0.473  -0.387   0.067  -0.562  -0.824   0.608   0.679  -0.413   0.103   0.060
       234    0     0.223   110.296    91.894   103.541  -0.729   0.602  -0.326   0.592   0.314  -0.743   0.345   0.734   0.585   0.082   0.035
       235    0     0.272    88.623   107.545   101.652   0.797  -0.556  -0.237  -0.052  -0.454   0.890   0.602   0.696   0.390   0.063   0.018
       236    0     0.268    89.929   109.504   100.875   0.740  -0.643  -0.196   0.383   0.164   0.909   0.553   0.748  -0.367   0.077   0.061
       237    0     0.301    91.202    89.950   102.889   0.635   0.710  -0.305  -0.088  -0.325  -0.941   0.767  -0.625   0.144   0.098   0.079
       238    0     0.308   103.795    90.092    89.237  -0.274   0.708   0.651   0.034   0.683  -0.729   0.961   0.178   0.211   0.053   0.030
       239    0     0.290   105.421    89.268    91.109  -0.374   0.765   0.524  -0.486   0.320  -0.813   0.790   0.559  -0.252   0.119   0.068
       240    0     0.259    97.152   106.260   110.724   0.182  -0.468  -0.865   0.494  -0.717   0.492   0.850   0.517  -0.101   0.096   0.041
       241    0     0.326   109.722   108.289    92.619  -0.665  -0.609   0.433   0.617  -0.122   0.778   0.421  -0.784  -0.456   0.102   0.054
       242    0     0.343   110.882   107.647    94.021  -0.786  -0.553   0.276   0.615  -0.747   0.252  -0.066  -0.368  -0.928   0.054   0.030
       243    0     0.261   111.701   104.234    91.818  -0.825  -0.289   0.486   0.346  -0.938   0.030  -0.447  -0.193  -0.874   0.074   0.043
       244    0     0.250   111.255   106.069    92.484  -0.797  -0.446   0.407   0.104   0.562   0.820   0.595  -0.696   0.401   0.128   0.079
       245    0     0.237   112.683   103.505    93.320  -0.893  -0.251   0.373  -0.062  -0.754  -0.654  -0.445   0.608  -0.658   0.093   0.072
       246    0     0.312    97.745    98.986   112.206   0.164   0.057  -0.985   0.342  -0.940   0.003   0.925   0.338   0.174   0.125   0.048
       247    0     0.355    96.714   100.530   111.926   0.233  -0.085  -0.969   0.972  -0.011   0.235   0.030   0.996  -0.080   0.032  -0.015
       248    0     0.239    94.813    99.109   111.465   0.322   0.010  -0.947  -0.308  -0.944  -0.115   0.895  -0.329   0.301   0.117   0.062
       249    0     0.321    91.793    91.310   105.807   0.587   0.604  -0.539   0.155  -0.738  -0.657   0.794  -0.302   0.527   0.101   0.070
       250    0     0.281    92.394    89.894   104.555   0.533   0.714  -0.453   0.835  -0.530   0.146   0.136   0.456   0.879   0.071   0.029
       251    0     0.245    97.850    91.063   109.084   0.140   0.634  -0.761  -0.312  -0.701  -0.641   0.940  -0.327  -0.099   0.103   0.076
       252    0     0.386   106.269   112.469    97.644  -0.455  -0.889   0.047   0.488  -0.205   0.848   0.745  -0.408  -0.528   0.059   0.042
       253    0     0.356   104.052   113.413    99.665  -0.313  -0.946  -0.083  -0.877   0.254   0.409   0.365  -0.201   0.909   0.124   0.077
       254    0     0.300   106.930   112.107    99.595  -0.466  -0.884  -0.035  -0.677   0.331   0.658   0.570  -0.330   0.753   0.052  -0.050
       255    0     0.333    98.181    89.317    89.468   0.137   0.764   0.631  -0.320   0.637  -0.701   0.937   0.106  -0.332   0.085   0.056
       256    0     0.319    99.958    88.023    91.065   0.019   0.851   0.524   0.871   0.244  -0.427   0.491  -0.465   0.737   0.074   0.064
       257    0     0.330   105.206   111.679   104.175  -0.375  -0.829  -0.415   0.773  -0.526   0.354   0.512   0.188  -0.838   0.072   0.050
       258    0     0.324    97.870    86.418    95.501   0.147   0.969   0.200  -0.417   0.244  -0.876   0.897  -0.045  -0.440   0.107   0.064
       259    0     0.274    95.387    86.996    95.655   0.306   0.928   0.213  -0.218   0.286  -0.933   0.927  -0.239  -0.289   0.073   0.067
       260    0     0.302   104.722    99.997   111.637  -0.302   0.043  -0.952   0.618  -0.751  -0.230   0.726   0.658  -0.200   0.064   0.037
       261    0     0.320   102.273    98.890   112.216  -0.203   0.084  -0.976  -0.382  -0.924   0.001   0.901  -0.373  -0.220   0.067   0.038
       262    0     0.280    89.778   104.578    89.805   0.707  -0.339   0.620  -0.475   0.422   0.772   0.523   0.841  -0.137   0.124   0.072
       263    0     0.207    93.864    88.642    92.736   0.435   0.804   0.405  -0.418   0.579  -0.700   0.798  -0.135  -0.588   0.090   0.060
       264    0     0.265    94.589    89.378    90.948   0.401   0.715   0.573  -0.510   0.694  -0.508   0.760   0.089  -0.643   0.098   0.059
       265    0     0.375    88.527   106.366    93.513   0.837  -0.413   0.358  -0.479  -0.239   0.845   0.264   0.879   0.398   0.055   0.032
       266    0     0.341    88.601   104.155    91.284   0.837  -0.329   0.438  -0.490  -0.807   0.329  -0.245   0.490   0.837   0.071   0.049
       267    0     0.306   105.467    88.382    92.779  -0.402   0.835   0.375   0.577   0.549  -0.605   0.711   0.027   0.703   0.060   0.022
       268    0     0.344   101.361   113.933    99.473  -0.084  -0.994  -0.076   0.276  -0.097   0.956   0.957  -0.059  -0.283   0.081   0.055
       269    0     0.340   100.618   113.982    97.277  -0.034  -0.997   0.071  -0.226   0.077   0.971   0.974  -0.017   0.228   0.075   0.064
       270    0     0.313    98.569   113.969    99.027   0.069  -0.997  -0.033   0.283  -0.012   0.959   0.957   0.075  -0.282   0.069   0.053
       271    0     0.296   100.713   103.307   112.020  -0.071  -0.262  -0.962  -0.487  -0.833   0.263   0.871  -0.487   0.068   0.079   0.065
       272    0     0.263   103.819   103.135   111.583  -0.220  -0.255  -0.941   0.247  -0.948   0.199   0.944   0.189  -0.272   0.094   0.068
       273    0     0.351   101.544   104.847   111.425  -0.121  -0.349  -0.929  -0.964  -0.184   0.194   0.239  -0.919   0.314   0.051   0.005
       274    0     0.385    94.000   111.111    92.361   0.470  -0.781   0.411  -0.598   0.062   0.799   0.650   0.621   0.438   0.071   0.047
       275    0     0.265    96.024   112.561    93.347   0.308  -0.870   0.384  -0.933  -0.356  -0.059  -0.188   0.341   0.921   0.121   0.090
       276    0     0.415    92.890    92.906    88.700   0.510   0.514   0.690   0.644  -0.759   0.090  -0.570  -0.399   0.718   0.072   0.043
