Box     200.000     200.000     196.800
< Point NoPoints     8194>
< id domain_id area X Y Z Nx Ny Nz P1x P1y P1z P2x P2y P2z C1 C2  >
< Outer >
         0    0     0.540    82.807   -98.106   -93.943  -0.965   0.085   0.248  -0.095  -0.995  -0.028   0.244  -0.051   0.968   0.042   0.019
         1    0     0.391   -90.843    91.978    85.330   0.545  -0.435  -0.717  -0.491   0.527  -0.693   0.679   0.730   0.074   0.089   0.067
         2    0     0.472   -90.994   -97.613   -83.165   0.543   0.166   0.823  -0.637  -0.557   0.533   0.547  -0.814  -0.197   0.067   0.030
         3    0     0.472    92.399   -94.493   -83.206  -0.467   0.303   0.831   0.670  -0.492   0.556   0.578   0.816   0.027   0.072   0.036
         4    0     0.398   -94.421   -93.995   -82.533   0.275   0.360   0.891  -0.952  -0.024   0.304   0.131  -0.933   0.336   0.091   0.056
         5    0     0.503    86.839    93.735   -88.082  -0.703  -0.364   0.611  -0.507  -0.347  -0.789   0.499  -0.864   0.059   0.069   0.045
         6    0     0.616   -98.232   -89.435   -84.106   0.109   0.596   0.796   0.292  -0.784   0.548   0.950   0.173  -0.259   0.059   0.030
         7    0     0.553   -88.173    86.667   -97.210   0.656  -0.751   0.075   0.439   0.299  -0.847   0.614   0.589   0.526   0.047   0.037
         8    0     0.456    88.163    87.541    93.532  -0.680  -0.686  -0.257   0.706  -0.708   0.024  -0.198  -0.166   0.966   0.061   0.030
         9    0     0.364    92.590   -99.026   -82.187  -0.358   0.079   0.930   0.932  -0.020   0.361   0.047   0.997  -0.066   0.093   0.054
        10    0     0.412   -92.131    97.816   -82.517   0.411  -0.151   0.899   0.765  -0.480  -0.430   0.496   0.864  -0.082   0.081   0.058
        11    0     0.568   -83.415    95.298    93.721   0.935  -0.252  -0.249  -0.252  -0.967   0.029  -0.248   0.035  -0.968   0.053   0.020
        12    0     0.303   -85.669    90.531   -93.500   0.794  -0.548   0.264  -0.554  -0.830  -0.056   0.250  -0.102  -0.963   0.084   0.042
        13    0     0.421    93.581    84.335    92.701  -0.350  -0.883  -0.312   0.929  -0.283  -0.239   0.123  -0.374   0.919   0.064   0.035
        14    0     0.647   -98.128    95.208   -81.294   0.099  -0.265   0.959  -0.897  -0.441  -0.029   0.431  -0.857  -0.282   0.070   0.015
        15    0     0.585    98.133   -93.905   -81.715  -0.084   0.316   0.945  -0.739  -0.656   0.153   0.668  -0.686   0.289   0.065   0.014
        16    0     0.475   -86.645    92.851   -88.941   0.739  -0.367   0.564  -0.631  -0.671   0.390   0.235  -0.645  -0.727   0.066   0.041
        17    0     0.336   -97.587    85.115   -88.834   0.140  -0.804   0.578   0.065  -0.575  -0.815   0.988   0.152  -0.028   0.100   0.061
        18    0     0.532    87.562    89.202   -91.488  -0.705  -0.596   0.384   0.659  -0.351   0.665  -0.261   0.722   0.641   0.063   0.046
        19    0     0.469    96.435    82.872   -94.792  -0.204  -0.961   0.187   0.783  -0.274  -0.558   0.588   0.033   0.808   0.069   0.047
        20    0     0.339   -84.208   -94.498   -92.127   0.897   0.280   0.342   0.322  -0.944  -0.071   0.303   0.174  -0.937   0.080   0.058
        21    0     0.442   -84.666    90.843   -98.146   0.862  -0.507  -0.006  -0.167  -0.274  -0.947   0.479   0.817  -0.321   0.065   0.038
        22    0     0.717    85.169    90.068   -97.710  -0.836  -0.547   0.038  -0.264   0.340  -0.903   0.481  -0.765  -0.429   0.061   0.054
        23    0     0.353    91.059    87.252    89.655  -0.490  -0.692  -0.530   0.230   0.484  -0.844   0.841  -0.535  -0.078   0.093   0.038
        24    0     0.505    90.326    85.572   -94.245  -0.542  -0.814   0.209  -0.714   0.316  -0.624   0.442  -0.488  -0.753   0.061   0.045
        25    0     0.409   -83.848    94.691   -92.923   0.908  -0.289   0.302   0.160  -0.427  -0.890   0.386   0.857  -0.341   0.069   0.024
        26    0     0.484    94.889    82.921    97.285  -0.269  -0.962  -0.051   0.652  -0.143  -0.745   0.709  -0.234   0.665   0.067   0.043
        27    0     0.546    99.706    83.236    92.243  -0.044  -0.933  -0.358   0.270   0.333  -0.903   0.962  -0.136   0.237   0.049   0.025
        28    0     0.569   -90.667    87.684    89.440   0.521  -0.692  -0.499  -0.561  -0.719   0.410  -0.643   0.066  -0.763   0.057   0.025
        29    0     0.527    85.963    96.108    88.065  -0.786  -0.184  -0.590   0.320  -0.938  -0.135  -0.528  -0.295   0.796   0.056   0.052
        30    0     0.520    82.396   -97.161    97.378  -0.983   0.157  -0.091   0.042  -0.287  -0.957  -0.177  -0.945   0.275   0.073   0.046
        31    0     0.496   -97.424    90.338   -83.602   0.146  -0.572   0.807   0.405  -0.710  -0.576   0.903   0.410   0.128   0.080   0.044
        32    0     0.471   -98.543    82.225    97.445   0.049  -0.998  -0.032  -0.894  -0.029  -0.447   0.445   0.051  -0.894   0.054   0.045
        33    0     0.465   -87.074   -95.822    86.804   0.734   0.205  -0.647   0.506  -0.800   0.321  -0.452  -0.563  -0.691   0.066   0.047
        34    0     0.410   -90.343    85.386    94.900   0.527  -0.825  -0.202  -0.815  -0.424  -0.395   0.240   0.373  -0.896   0.091   0.077
        35    0     0.527    98.842   -92.411    82.271  -0.060   0.415  -0.908  -0.996   0.032   0.080   0.062   0.909   0.412   0.065   0.040
        36    0     0.391    95.459    86.135    88.094  -0.240  -0.774  -0.586  -0.715   0.549  -0.433   0.657   0.315  -0.685   0.104   0.071
        37    0     0.536   -91.376   -90.896   -85.682   0.503   0.480   0.719   0.750  -0.656  -0.087   0.430   0.583  -0.690   0.068   0.037
        38    0     0.527   -87.825    97.850   -85.506   0.691  -0.132   0.710  -0.075  -0.991  -0.112   0.718   0.024  -0.695   0.076   0.047
        39    0     0.463   -84.356    99.732   -89.784   0.868  -0.037   0.495  -0.208  -0.932   0.296   0.451  -0.359  -0.817   0.074   0.025
        40    0     0.408   -91.107   -90.920    85.851   0.500   0.492  -0.713   0.234   0.716   0.658   0.834  -0.496   0.243   0.066   0.039
        41    0     0.472   -88.174   -87.756    92.991   0.680   0.659  -0.323   0.545  -0.158   0.823   0.491  -0.735  -0.467   0.079   0.016
        42    0     0.529   -85.572   -89.488   -97.738   0.815   0.579   0.038  -0.230   0.262   0.937   0.533  -0.772   0.347   0.081   0.029
        43    0     0.397   -82.643    95.789   -98.250   0.978  -0.208   0.008  -0.190  -0.875   0.446  -0.086  -0.438  -0.895   0.102   0.070
        44    0     0.375   -90.383   -96.721    83.709   0.542   0.174  -0.823  -0.232  -0.910  -0.345  -0.808   0.377  -0.452   0.098   0.052
        45    0     0.465    93.173   -86.131   -89.449  -0.384   0.777   0.499   0.358  -0.372   0.856   0.851   0.507  -0.135   0.078   0.023
        46    0     0.470    97.409   -82.435    96.444  -0.123   0.987  -0.106   0.850   0.160   0.502   0.513  -0.028  -0.858   0.046   0.039
        47    0     0.491   -94.368   -94.337    82.425   0.287   0.326  -0.901   0.568   0.699   0.434   0.771  -0.637   0.015   0.061   0.049
        48    0     0.492    99.945    86.969    86.182  -0.012  -0.731  -0.682   0.838   0.365  -0.406   0.546  -0.576   0.609   0.061   0.050
        49    0     0.388   -85.104    97.701    88.816   0.832  -0.097  -0.546   0.278  -0.779   0.562  -0.480  -0.619  -0.621   0.085   0.058
        50    0     0.561   -92.887   -87.179   -88.199   0.403   0.733   0.549  -0.851   0.080   0.518   0.336  -0.676   0.656   0.078   0.038
        51    0     0.488    90.043   -89.696   -87.737  -0.565   0.556   0.610   0.227  -0.606   0.762   0.793   0.569   0.216   0.066   0.053
        52    0     0.442   -87.269   -91.488    89.205   0.707   0.492  -0.508   0.594  -0.803   0.048  -0.385  -0.336  -0.860   0.076   0.007
        53    0     0.495   -94.535    99.824    81.396   0.335  -0.018  -0.942   0.566  -0.795   0.216  -0.753  -0.606  -0.256   0.075   0.036
        54    0     0.534    93.786   -83.409   -96.123  -0.361   0.922   0.141  -0.048  -0.169   0.984   0.931   0.349   0.105   0.047   0.023
        55    0     0.521   -82.414   -97.706    96.284   0.990   0.095  -0.104   0.140  -0.751   0.645  -0.017  -0.653  -0.757   0.064   0.061
        56    0     0.576    84.271   -97.549    90.301  -0.897   0.141  -0.419   0.046  -0.913  -0.406  -0.440  -0.383   0.812   0.080   0.048
        57    0     0.457   -88.974   -85.990    97.419   0.575   0.817  -0.047   0.808  -0.576  -0.123  -0.128   0.033  -0.991   0.064   0.026
        58    0     0.621   -86.856   -90.692   -90.682   0.718   0.560   0.414   0.043  -0.629   0.776   0.695  -0.539  -0.475   0.050   0.037
        59    0     0.423   -93.130   -87.283    87.913   0.421   0.713  -0.561   0.882  -0.466   0.070  -0.212  -0.524  -0.825   0.055   0.030
        60    0     0.491   -83.329   -93.788   -96.798   0.933   0.351   0.082   0.128  -0.536   0.835   0.337  -0.768  -0.545   0.057   0.036
        61    0     0.486   -84.440   -93.070    93.037   0.870   0.416  -0.265   0.057  -0.619  -0.783  -0.490   0.666  -0.562   0.069   0.045
        62    0     0.510   -94.107   -83.627   -94.366   0.327   0.918   0.223  -0.567   0.002   0.824   0.756  -0.396   0.522   0.061   0.032
        63    0     0.532    91.564   -88.067    88.132  -0.475   0.691  -0.544  -0.765  -0.019   0.644   0.434   0.722   0.538   0.060   0.051
        64    0     0.644    88.892    99.001   -84.447  -0.638  -0.058   0.768   0.125  -0.992   0.029   0.760   0.114   0.640   0.050   0.005
        65    0     0.374   -95.766    85.413    89.000   0.238  -0.808  -0.540   0.385   0.589  -0.711   0.892  -0.038   0.451   0.079   0.076
        66    0     0.506    88.200    91.024    88.442  -0.632  -0.499  -0.593   0.577   0.207  -0.790   0.517  -0.841   0.157   0.059   0.040
        67    0     0.468   -83.755   -97.968    91.255   0.905   0.106  -0.411   0.380  -0.634   0.673  -0.189  -0.766  -0.614   0.067   0.035
        68    0     0.459   -96.446   -89.232    84.600   0.174   0.591  -0.788  -0.758   0.591   0.275   0.628   0.550   0.551   0.070   0.030
        69    0     0.531    99.941   -97.534    80.708  -0.010   0.141  -0.990   0.651   0.752   0.101   0.759  -0.644  -0.099   0.073   0.036
        70    0     0.568    82.433    96.777    98.251  -0.978  -0.209   0.010   0.138  -0.679  -0.721   0.158  -0.704   0.693   0.070   0.044
        71    0     0.551   -95.706   -82.684    97.509   0.249   0.967  -0.057   0.961  -0.254  -0.112  -0.123  -0.026  -0.992   0.082   0.056
        72    0     0.627    90.016    96.712    83.957  -0.569  -0.171  -0.805   0.103  -0.985   0.137  -0.816  -0.005   0.578   0.077   0.043
        73    0     0.454   -88.586    88.882   -90.328   0.623  -0.633   0.461   0.332  -0.320  -0.888   0.709   0.705   0.011   0.074   0.008
        74    0     0.361    98.519   -86.305   -87.030  -0.102   0.748   0.655  -0.873  -0.383   0.302   0.477  -0.541   0.693   0.102   0.069
        75    0     0.468    96.519    90.606   -83.617  -0.171  -0.493   0.853  -0.245  -0.817  -0.521   0.954  -0.298   0.018   0.071   0.023
        76    0     0.488   -92.379   -84.926    92.598   0.393   0.863  -0.317   0.093   0.306   0.948   0.915  -0.402   0.040   0.074   0.055
        77    0     0.343    84.867    98.005   -89.122  -0.848  -0.090   0.523   0.530  -0.082   0.844  -0.033   0.993   0.117   0.085   0.051
        78    0     0.470   -93.385    86.848   -88.284   0.359  -0.727   0.585  -0.878  -0.476  -0.052   0.316  -0.494  -0.810   0.064   0.044
        79    0     0.530    87.091   -92.020    88.980  -0.735   0.449  -0.508  -0.649  -0.247   0.720   0.198   0.859   0.473   0.069   0.027
        80    0     0.546    83.834    95.035   -92.657  -0.913  -0.293   0.283   0.318  -0.947   0.047   0.254   0.133   0.958   0.070   0.037
        81    0     0.323    96.770   -83.995   -91.155  -0.186   0.899   0.397   0.882  -0.025   0.470   0.432   0.438  -0.788   0.082   0.056
        82    0     0.483   -97.828   -84.451   -89.882   0.142   0.861   0.488   0.266  -0.508   0.819   0.954   0.013  -0.301   0.069   0.034
        83    0     0.404    92.349    93.300   -83.722  -0.475  -0.362   0.802  -0.824  -0.137  -0.550   0.309  -0.922  -0.233   0.095   0.062
        84    0     0.407    99.329   -99.484   -80.560  -0.080   0.037   0.996   0.886  -0.456   0.088   0.457   0.889   0.004   0.107   0.073
        85    0     0.482    94.937   -90.355   -84.246  -0.273   0.570   0.775  -0.756  -0.625   0.193   0.594  -0.533   0.602   0.057   0.045
        86    0     0.393   -91.884    85.196   -92.567   0.453  -0.835   0.311  -0.887  -0.390   0.245  -0.083  -0.387  -0.918   0.101   0.060
        87    0     0.504   -97.896    83.053   -93.163   0.136  -0.951   0.279  -0.785  -0.275  -0.554   0.604  -0.144  -0.784   0.050   0.015
        88    0     0.383    89.621   -85.496   -97.489  -0.574   0.819  -0.001  -0.038  -0.026   0.999   0.818   0.574   0.046   0.086   0.075
        89    0     0.477    99.320   -82.488   -94.953  -0.013   0.984   0.180  -0.610  -0.151   0.778   0.792  -0.099   0.602   0.055   0.050
        90    0     0.473    91.805    89.147   -86.819  -0.473  -0.602   0.644   0.696  -0.703  -0.146   0.541   0.379   0.751   0.079   0.031
        91    0     0.418    87.322   -95.113   -86.807  -0.683   0.277   0.676  -0.642  -0.670  -0.373   0.350  -0.689   0.635   0.104   0.078
        92    0     0.650   -92.152    92.040   -84.468   0.459  -0.439   0.772   0.346  -0.712  -0.611   0.818   0.548  -0.175   0.051   0.044
        93    0     0.302    97.931    84.227   -90.275  -0.117  -0.883   0.454  -0.056  -0.451  -0.891   0.992  -0.130   0.003   0.077   0.060
        94    0     0.485    94.914    96.795   -81.581  -0.257  -0.199   0.946   0.360  -0.928  -0.097   0.897   0.316   0.310   0.069   0.044
        95    0     0.524   -86.396   -95.676   -87.668   0.727   0.244   0.641   0.686  -0.256  -0.681  -0.002   0.935  -0.354   0.073   0.041
        96    0     0.424    98.142    87.128   -86.155  -0.102  -0.724   0.682  -0.993   0.039  -0.107   0.051  -0.689  -0.723   0.076   0.035
        97    0     0.435   -95.488    83.460    93.398   0.295  -0.915  -0.276   0.725   0.402  -0.559   0.623  -0.035   0.782   0.042   0.039
        98    0     0.437   -89.887   -85.853   -94.343   0.591   0.761   0.268   0.276  -0.503   0.819   0.758  -0.410  -0.507   0.102   0.075
        99    0     0.421    85.992   -88.962   -97.403  -0.782   0.619   0.072  -0.254  -0.422   0.871   0.569   0.663   0.487   0.061   0.024
       100    0     0.390    89.929    85.284    97.354  -0.576  -0.816  -0.044   0.158  -0.058  -0.986   0.802  -0.575   0.162   0.089   0.069
       101    0     0.588    87.401   -96.729    86.175  -0.681   0.150  -0.717  -0.355  -0.923   0.145  -0.640   0.353   0.682   0.066   0.044
       102    0     0.453   -96.248   -98.073   -81.043   0.205   0.097   0.974   0.392  -0.920   0.010   0.897   0.379  -0.226   0.075   0.011
       103    0     0.439    93.371    85.689   -90.013  -0.379  -0.797   0.471  -0.121  -0.462  -0.879   0.918  -0.390   0.079   0.049   0.041
       104    0     0.515    85.639   -92.162   -91.230  -0.799   0.452   0.397  -0.435  -0.890   0.139   0.416  -0.062   0.907   0.033   0.027
       105    0     0.612    93.513   -96.857    82.057  -0.382   0.169  -0.909  -0.921  -0.149   0.360  -0.075   0.974   0.212   0.069   0.055
       106    0     0.543    87.466   -88.196    93.651  -0.670   0.689  -0.275  -0.596  -0.721  -0.354  -0.442  -0.074   0.894   0.077   0.055
       107    0     0.479   -86.264    92.932    89.436   0.745  -0.410  -0.525  -0.624  -0.152  -0.766   0.235   0.899  -0.370   0.061   0.034
       108    0     0.415    83.058    97.333    93.417  -0.949  -0.114  -0.294   0.170  -0.970  -0.171  -0.266  -0.213   0.940   0.088   0.069
       109    0     0.618   -88.722    97.501    84.776   0.616  -0.141  -0.775  -0.700  -0.550  -0.456  -0.362   0.823  -0.438   0.057   0.043
       110    0     0.471   -82.641    99.905   -94.201   0.979   0.015   0.203   0.165  -0.643  -0.748   0.120   0.766  -0.632   0.072   0.053
       111    0     0.483    96.556   -84.498    90.221  -0.197   0.852  -0.486   0.010   0.497   0.868   0.980   0.166  -0.106   0.065   0.037
       112    0     0.454   -94.876    89.631    84.790   0.263  -0.602  -0.754  -0.714   0.405  -0.572   0.649   0.688  -0.323   0.067   0.025
       113    0     0.504    98.741    91.445    82.772  -0.045  -0.462  -0.886  -0.251   0.863  -0.438   0.967   0.202  -0.155   0.070   0.041
       114    0     0.479   -94.927    93.759    82.452   0.294  -0.325  -0.899  -0.829  -0.555  -0.071  -0.476   0.766  -0.432   0.083   0.013
       115    0     0.527    93.169   -84.148    93.822  -0.433   0.865  -0.252  -0.894  -0.379   0.237   0.110   0.328   0.938   0.062   0.059
       116    0     0.514    84.191   -92.219    95.487  -0.891   0.408  -0.198  -0.085   0.278   0.957   0.446   0.869  -0.213   0.068   0.040
       117    0     0.556    95.273    97.137    81.414  -0.250  -0.154  -0.956   0.895  -0.414  -0.167  -0.370  -0.897   0.241   0.066   0.051
       118    0     0.479   -98.051   -85.618    87.986   0.092   0.810  -0.580   0.692   0.367   0.622   0.716  -0.458  -0.526   0.083   0.016
       119    0     0.463    88.805   -87.170   -93.002  -0.618   0.720   0.316  -0.768  -0.638  -0.047   0.168  -0.271   0.948   0.080   0.017
       120    0     0.508    96.586   -88.777    84.934  -0.167   0.656  -0.736  -0.025   0.743   0.668   0.986   0.130  -0.108   0.058   0.049
       121    0     0.405   -98.966   -83.169    92.513   0.093   0.942  -0.322  -0.860   0.239   0.450   0.501   0.235   0.833   0.100   0.064
       122    0     0.472   -93.880    83.251   -97.370   0.360  -0.931   0.055   0.197   0.018  -0.980   0.912   0.364   0.190   0.066   0.049
       123    0     0.516    84.893    92.500    92.529  -0.855  -0.433  -0.286   0.465  -0.397  -0.791   0.229  -0.809   0.541   0.049   0.040
       124    0     0.631    93.998    91.232    84.045  -0.367  -0.507  -0.780   0.911  -0.026  -0.411   0.188  -0.862   0.471   0.045   0.039
       125    0     0.341    84.632   -97.510   -89.647  -0.848   0.130   0.514   0.346  -0.599   0.722   0.402   0.790   0.464   0.089   0.038
       126    0     0.513    92.013   -91.973    84.586  -0.451   0.424  -0.785  -0.870  -0.012   0.493   0.200   0.905   0.375   0.053   0.030
       127    0     0.402   -98.651    97.053    80.836   0.044  -0.185  -0.982  -0.086   0.978  -0.188   0.995   0.093   0.027   0.087   0.072
       128    0     0.492   -86.517    89.411    93.387   0.760  -0.594  -0.266  -0.518  -0.305  -0.800   0.394   0.745  -0.539   0.059   0.043
       129    0     0.344    83.857   -92.951   -95.442  -0.909   0.388   0.154  -0.408  -0.903  -0.133   0.088  -0.183   0.979   0.074   0.064
       130    0     0.375   -97.863    83.132    92.745   0.124  -0.939  -0.320  -0.958  -0.030  -0.284   0.257   0.342  -0.904   0.080   0.055
       131    0     0.398   -96.972    82.605    95.382   0.183  -0.970  -0.161   0.926   0.225  -0.304   0.331  -0.094   0.939   0.083   0.057
       132    0     0.521    98.712   -96.656   -80.931  -0.115   0.169   0.979  -0.849  -0.528  -0.009   0.515  -0.832   0.204   0.078   0.050
       133    0     0.434   -98.445   -98.766   -80.627   0.084   0.072   0.994   0.493  -0.870   0.021   0.866   0.488  -0.108   0.074   0.063
       134    0     0.528   -89.651    94.671    84.881   0.580  -0.313  -0.752  -0.559   0.519  -0.647   0.593   0.795   0.126   0.070   0.049
       135    0     0.414   -83.314    99.817   -91.921   0.932   0.004   0.362  -0.174  -0.871   0.459   0.317  -0.491  -0.812   0.089   0.071
       136    0     0.608    99.178    92.774   -82.150  -0.079  -0.391   0.917   0.953  -0.299  -0.046   0.292   0.870   0.396   0.050   0.044
       137    0     0.382    83.547   -97.789   -91.724  -0.915   0.128   0.384  -0.343  -0.749  -0.567   0.215  -0.650   0.729   0.087   0.060
       138    0     0.429   -84.043   -97.344   -90.843   0.900   0.153   0.407  -0.195  -0.695   0.692   0.389  -0.702  -0.596   0.056   0.037
       139    0     0.508   -92.039   -88.914   -86.813   0.446   0.619   0.647  -0.437  -0.480   0.761   0.781  -0.622   0.056   0.076   0.070
       140    0     0.344   -99.828    84.525   -89.464   0.003  -0.861   0.508  -0.826  -0.288  -0.484   0.564  -0.418  -0.712   0.059   0.047
       141    0     0.551   -82.571    98.771    94.938   0.980  -0.066  -0.188  -0.192  -0.566  -0.802  -0.053   0.822  -0.567   0.049   0.045
       142    0     0.513   -89.890    85.734   -94.841   0.560  -0.802   0.206  -0.145  -0.340  -0.929   0.816   0.491  -0.306   0.061   0.047
       143    0     0.553   -97.724   -93.260    82.059   0.131   0.378  -0.917   0.822   0.476   0.313   0.554  -0.794  -0.248   0.049   0.048
       144    0     0.466   -99.419    82.484    94.796  -0.004  -0.983  -0.184   0.080   0.183  -0.980   0.997  -0.019   0.078   0.070   0.055
       145    0     0.412   -96.550    98.417    80.904   0.192  -0.094  -0.977  -0.961   0.184  -0.207   0.199   0.978  -0.055   0.081   0.060
       146    0     0.478    85.627   -90.071    94.510  -0.806   0.541  -0.239  -0.364  -0.772  -0.522  -0.467  -0.333   0.819   0.074   0.059
       147    0     0.406    90.712    85.692    93.025  -0.520  -0.804  -0.288   0.854  -0.499  -0.148  -0.024  -0.323   0.946   0.060   0.050
       148    0     0.417   -92.794    92.785    83.710   0.429  -0.365  -0.827  -0.587   0.583  -0.561   0.687   0.726   0.036   0.062   0.050
       149    0     0.533    87.093   -89.959    91.209  -0.722   0.562  -0.404  -0.636  -0.769   0.066  -0.274   0.304   0.912   0.079   0.051
       150    0     0.492   -87.254    95.115    86.880   0.696  -0.301  -0.652  -0.164  -0.951   0.263  -0.699  -0.076  -0.711   0.061   0.051
       151    0     0.417   -85.520    95.262    89.013   0.805  -0.260  -0.532  -0.477  -0.818  -0.322  -0.352   0.513  -0.783   0.072   0.053
       152    0     0.425    85.098    94.287   -90.241  -0.825  -0.349   0.445  -0.257  -0.470  -0.845   0.504  -0.811   0.298   0.079   0.069
       153    0     0.521    87.036    91.355   -89.668  -0.718  -0.487   0.497  -0.467  -0.193  -0.863   0.516  -0.852  -0.088   0.069   0.048
       154    0     0.478   -88.140    87.511   -93.670   0.659  -0.703   0.268  -0.751  -0.600   0.276  -0.034  -0.383  -0.923   0.084   0.057
       155    0     0.432    86.291   -93.543   -88.884  -0.753   0.376   0.541  -0.657  -0.480  -0.581   0.041  -0.793   0.608   0.075   0.064
       156    0     0.401    84.931   -94.764   -90.324  -0.850   0.278   0.448  -0.190  -0.954   0.233   0.492   0.113   0.863   0.060   0.029
       157    0     0.528    88.539   -92.307   -87.123  -0.627   0.424   0.653   0.512  -0.407   0.756   0.587   0.809   0.038   0.059   0.045
       158    0     0.594    89.746   -94.744   -84.855  -0.579   0.294   0.761  -0.059  -0.946   0.320   0.813   0.141   0.565   0.055   0.037
       159    0     0.409   -94.846    91.602    83.457   0.251  -0.476  -0.843   0.444   0.830  -0.337   0.860  -0.290   0.420   0.079   0.059
       160    0     0.434    91.716    97.846   -82.663  -0.466  -0.151   0.872  -0.576  -0.696  -0.429   0.672  -0.702   0.237   0.086   0.062
       161    0     0.447   -91.911   -84.576   -94.304   0.455   0.857   0.242   0.175  -0.353   0.919   0.873  -0.376  -0.311   0.115   0.065
       162    0     0.368   -92.041   -88.997    86.774   0.466   0.617  -0.634   0.147   0.653   0.743   0.873  -0.439   0.213   0.076   0.050
       163    0     0.538    95.664    93.612   -82.372  -0.193  -0.353   0.916   0.387  -0.885  -0.259   0.902   0.304   0.307   0.040   0.005
       164    0     0.439    93.565    94.999   -82.494  -0.367  -0.279   0.887   0.930  -0.140   0.341   0.029   0.950   0.311   0.089   0.045
       165    0     0.492   -82.888   -97.816    93.716   0.961   0.087  -0.262   0.226  -0.791   0.568  -0.158  -0.605  -0.781   0.062   0.056
       166    0     0.582   -84.749   -91.131    96.009   0.852   0.503  -0.147   0.518  -0.767   0.378   0.077  -0.398  -0.914   0.060   0.045
       167    0     0.436   -98.005    84.087    90.497   0.100  -0.879  -0.466   0.932   0.246  -0.265   0.348  -0.408   0.844   0.062   0.045
       168    0     0.480   -97.886    86.032    87.466   0.123  -0.785  -0.607   0.767   0.463  -0.443   0.629  -0.411   0.660   0.073   0.057
       169    0     0.548   -88.917   -90.624   -87.995   0.623   0.512   0.591  -0.078  -0.712   0.698   0.778  -0.481  -0.404   0.076   0.046
       170    0     0.366    98.016    85.533   -88.112  -0.113  -0.813   0.571  -0.196  -0.545  -0.815   0.974  -0.204  -0.098   0.057   0.048
       171    0     0.488   -99.397    97.827   -80.666   0.016  -0.120   0.993   0.999  -0.032  -0.020   0.034   0.992   0.120   0.074   0.055
       172    0     0.616    98.362    95.923   -81.119  -0.108  -0.258   0.960  -0.258  -0.925  -0.278   0.960  -0.277   0.034   0.077   0.052
       173    0     0.438    82.550    97.023    95.805  -0.975  -0.163  -0.153   0.081  -0.894   0.440  -0.209   0.417   0.885   0.103   0.055
       174    0     0.425    87.976    89.097    90.858  -0.682  -0.604  -0.412   0.426   0.130  -0.895   0.594  -0.786   0.168   0.076   0.047
       175    0     0.374    89.485    87.253    91.510  -0.579  -0.715  -0.391   0.525   0.040  -0.850   0.624  -0.698   0.352   0.073   0.059
       176    0     0.434   -99.718    85.977   -87.379   0.047  -0.767   0.640  -0.880  -0.335  -0.337   0.473  -0.547  -0.690   0.078   0.046
       177    0     0.507   -97.466    87.531   -86.024   0.148  -0.709   0.690  -0.071  -0.704  -0.707   0.986   0.056  -0.155   0.036   0.004
       178    0     0.500   -98.195    82.384   -96.228   0.081  -0.989   0.122  -0.549  -0.147  -0.823   0.832  -0.000  -0.555   0.057   0.037
       179    0     0.433   -96.165    82.521   -98.360   0.212  -0.977   0.011   0.846   0.178  -0.503   0.490   0.116   0.864   0.084   0.061
       180    0     0.414   -86.753    88.450   -95.313   0.741  -0.643   0.193  -0.399  -0.654  -0.643   0.539   0.399  -0.741   0.051   0.014
       181    0     0.371   -85.020    90.594   -95.797   0.832  -0.533   0.156  -0.502  -0.602   0.620  -0.236  -0.594  -0.769   0.077   0.051
       182    0     0.515   -94.693   -89.958   -84.603   0.297   0.553   0.779  -0.655  -0.476   0.587   0.695  -0.684   0.221   0.059   0.055
       183    0     0.552   -96.279   -91.608   -83.128   0.203   0.451   0.869  -0.190  -0.852   0.487   0.960  -0.264  -0.087   0.054   0.037
       184    0     0.395   -91.459   -99.898   -82.651   0.471   0.004   0.882  -0.695  -0.614   0.374   0.544  -0.789  -0.287   0.088   0.065
       185    0     0.444   -89.852    97.801   -83.830   0.560  -0.151   0.814  -0.681  -0.643   0.349   0.471  -0.750  -0.464   0.070   0.057
       186    0     0.428    96.500   -82.689   -95.494  -0.194   0.967   0.163  -0.786  -0.253   0.565   0.588  -0.019   0.809   0.079   0.061
       187    0     0.517   -98.784   -90.689    83.218   0.080   0.518  -0.852  -0.287   0.830   0.478   0.955   0.206   0.214   0.079   0.052
       188    0     0.402   -83.979    92.647   -95.490   0.904  -0.399   0.156  -0.208  -0.726  -0.656   0.375   0.560  -0.739   0.057   0.044
       189    0     0.400   -95.580    84.282    91.127   0.272  -0.872  -0.408  -0.744   0.078  -0.663   0.610   0.484  -0.627   0.072   0.050
       190    0     0.475   -85.226   -96.859    88.906   0.824   0.166  -0.541  -0.300  -0.683  -0.666  -0.480   0.712  -0.513   0.068   0.047
       191    0     0.459   -85.178   -97.950   -88.584   0.826   0.105   0.554  -0.531  -0.185   0.827   0.190  -0.977  -0.097   0.079   0.065
       192    0     0.581   -91.659    95.545    83.307   0.455  -0.230  -0.860  -0.555   0.682  -0.476   0.696   0.694   0.183   0.053   0.046
       193    0     0.529   -94.654    96.748    81.703   0.347  -0.184  -0.920  -0.303  -0.950   0.075  -0.888   0.253  -0.385   0.050   0.040
       194    0     0.507    93.952   -88.030   -86.640  -0.319   0.677   0.663  -0.948  -0.225  -0.226  -0.004  -0.700   0.714   0.058   0.052
       195    0     0.383   -93.523   -97.807   -81.854   0.358   0.109   0.927  -0.840  -0.395   0.371   0.407  -0.912  -0.050   0.070   0.046
       196    0     0.557   -82.273   -98.888   -97.345   0.997   0.049   0.058   0.074  -0.490  -0.868  -0.014   0.870  -0.492   0.049   0.036
       197    0     0.548   -82.264    99.028    97.404   0.997  -0.057  -0.047  -0.068  -0.462  -0.884   0.028   0.885  -0.465   0.052   0.041
       198    0     0.421    91.631    84.584    94.976  -0.472  -0.859  -0.196   0.693  -0.225  -0.685   0.545  -0.459   0.702   0.057   0.040
       199    0     0.611    89.351   -87.932    90.775  -0.581   0.701  -0.414  -0.462  -0.703  -0.541  -0.670  -0.123   0.732   0.053   0.046
       200    0     0.521   -83.246    98.638    92.366   0.945  -0.064  -0.321  -0.326  -0.099  -0.940   0.028   0.993  -0.114   0.074   0.055
       201    0     0.436   -84.033    96.455    91.168   0.896  -0.177  -0.406   0.292  -0.454   0.842  -0.334  -0.873  -0.356   0.061   0.043
       202    0     0.472   -84.279    99.867    89.951   0.873  -0.006  -0.487   0.476  -0.204   0.856  -0.105  -0.979  -0.175   0.068   0.052
       203    0     0.555    99.955   -91.528   -82.638   0.019   0.459   0.888   0.664  -0.670   0.332   0.747   0.584  -0.317   0.096   0.065
       204    0     0.473    96.323    91.229    83.219  -0.197  -0.489  -0.850   0.601   0.624  -0.499   0.774  -0.609   0.171   0.090   0.064
       205    0     0.530    94.528    94.071    82.423  -0.310  -0.326  -0.893   0.733   0.516  -0.443   0.606  -0.792   0.079   0.066   0.055
       206    0     0.463   -99.634    88.573   -84.690   0.046  -0.660   0.750   0.724  -0.495  -0.480   0.688   0.565   0.456   0.086   0.057
       207    0     0.466    99.541    90.339   -83.403  -0.028  -0.522   0.853   0.842  -0.472  -0.261   0.539   0.711   0.453   0.057   0.039
       208    0     0.543   -86.871   -98.889   -86.357   0.719   0.075   0.691   0.513  -0.728  -0.455   0.469   0.682  -0.562   0.073   0.050
       209    0     0.487   -89.249   -99.875   -84.131   0.625   0.046   0.779   0.150  -0.987  -0.063   0.766   0.156  -0.624   0.062   0.041
       210    0     0.436   -84.608    94.027    91.473   0.857  -0.343  -0.385  -0.514  -0.507  -0.692   0.043   0.791  -0.611   0.068   0.054
       211    0     0.513   -84.682    92.210    93.467   0.859  -0.445  -0.251  -0.280   0.002  -0.960   0.428   0.895  -0.123   0.067   0.060
       212    0     0.523    92.397    89.058    86.650  -0.444  -0.613  -0.653   0.254   0.613  -0.748   0.859  -0.498  -0.116   0.041   0.010
       213    0     0.456    89.540    89.041    88.956  -0.551  -0.612  -0.568   0.826  -0.304  -0.474   0.117  -0.730   0.673   0.065   0.053
       214    0     0.427    96.929   -83.150    93.235  -0.161   0.944  -0.287   0.202   0.316   0.927   0.966   0.091  -0.242   0.060   0.029
       215    0     0.468    99.217   -82.601    94.437  -0.029   0.976  -0.214  -0.961   0.032   0.276   0.276   0.213   0.937   0.056   0.051
       216    0     0.488   -83.761    92.952    96.150   0.900  -0.415  -0.136  -0.268  -0.771   0.577  -0.344  -0.483  -0.805   0.054   0.030
       217    0     0.471   -82.861    95.505    96.112   0.966  -0.226  -0.124  -0.249  -0.940  -0.231  -0.065   0.254  -0.965   0.076   0.058
       218    0     0.435   -83.457    93.236   -98.197   0.927  -0.375   0.017  -0.133  -0.369  -0.920   0.352   0.850  -0.392   0.074   0.055
       219    0     0.498   -98.062    92.476    82.330   0.104  -0.418  -0.902  -0.376   0.823  -0.425   0.921   0.384  -0.071   0.077   0.055
       220    0     0.454   -96.754    95.354    81.457   0.163  -0.276  -0.947  -0.973  -0.205  -0.108  -0.165   0.939  -0.302   0.076   0.049
       221    0     0.576    87.827    96.369    85.845  -0.691  -0.179  -0.700   0.382  -0.913  -0.143  -0.614  -0.366   0.699   0.079   0.057
       222    0     0.652    90.176   -85.969    93.669  -0.551   0.791  -0.266  -0.126   0.236   0.964   0.825   0.564  -0.031   0.067   0.041
       223    0     0.376    95.608    84.808   -90.063  -0.233  -0.852   0.468   0.827  -0.427  -0.366   0.512   0.302   0.804   0.066   0.059
       224    0     0.344   -84.613    92.541   -93.163   0.862  -0.422   0.282  -0.464  -0.880   0.100   0.206  -0.217  -0.954   0.067   0.045
       225    0     0.483   -90.554   -85.245    94.969   0.499   0.852  -0.158   0.577  -0.190   0.795   0.647  -0.487  -0.586   0.054   0.040
       226    0     0.477   -90.014   -89.182    88.379   0.568   0.629  -0.531   0.795  -0.586   0.156  -0.214  -0.511  -0.833   0.048   0.029
       227    0     0.489    96.894    88.841    84.811  -0.182  -0.640  -0.746  -0.850   0.484  -0.207   0.493   0.597  -0.632   0.054   0.029
       228    0     0.512    94.637    88.492    85.862  -0.309  -0.652  -0.692   0.950  -0.176  -0.259   0.047  -0.738   0.674   0.089   0.052
       229    0     0.576   -89.783    94.840   -84.718   0.589  -0.303   0.749   0.652  -0.371  -0.662   0.478   0.878  -0.021   0.065   0.051
       230    0     0.447   -92.642   -92.527    83.945   0.411   0.423  -0.808   0.904  -0.078   0.419   0.114  -0.903  -0.415   0.066   0.045
       231    0     0.511   -95.357   -91.680    83.316   0.246   0.463  -0.852   0.946   0.077   0.315   0.211  -0.883  -0.419   0.054   0.051
       232    0     0.415   -93.685   -89.936    85.025   0.355   0.541  -0.763   0.880   0.082   0.467   0.315  -0.837  -0.447   0.069   0.052
       233    0     0.330   -85.971    91.580   -91.124   0.789  -0.470   0.396   0.109  -0.528  -0.843   0.605   0.708  -0.365   0.072   0.042
       234    0     0.376   -87.010    89.610   -91.856   0.726  -0.600   0.336   0.598   0.309  -0.740   0.340   0.738   0.583   0.063   0.037
       235    0     0.443    85.558   -90.389   -94.242  -0.797   0.555   0.238  -0.057  -0.462   0.885   0.601   0.692   0.400   0.052   0.025
       236    0     0.441    87.240   -87.917   -95.162  -0.732   0.652   0.197   0.476   0.283   0.833   0.487   0.704  -0.517   0.060   0.051
       237    0     0.502    88.799    87.226   -92.799  -0.636  -0.711   0.300  -0.165  -0.254  -0.953   0.754  -0.656   0.044   0.074   0.061
       238    0     0.480   -95.267    87.366    86.750   0.270  -0.710  -0.650  -0.026   0.670  -0.742   0.962   0.217   0.163   0.046   0.031
       239    0     0.466   -93.131    86.379    89.102   0.373  -0.765  -0.525  -0.499   0.312  -0.809   0.782   0.564  -0.265   0.082   0.055
       240    0     0.461    96.491   -92.016   -82.764  -0.182   0.464   0.867   0.464  -0.737   0.492   0.867   0.491  -0.081   0.068   0.039
       241    0     0.498   -87.595   -89.517    91.025   0.672   0.603  -0.430   0.594  -0.092   0.800   0.443  -0.793  -0.419   0.074   0.049
       242    0     0.530   -86.108   -90.274    92.944   0.788   0.552  -0.272   0.615  -0.733   0.291  -0.039  -0.397  -0.917   0.049   0.033
       243    0     0.448   -85.167   -94.603    90.036   0.826   0.295  -0.480   0.364  -0.930   0.055  -0.430  -0.220  -0.876   0.055   0.036
       244    0     0.420   -85.693   -92.185    91.041   0.801   0.439  -0.406   0.112   0.557   0.823   0.588  -0.705   0.397   0.088   0.061
       245    0     0.416   -83.890   -95.462    92.070   0.895   0.259  -0.364  -0.106  -0.668  -0.736  -0.434   0.698  -0.570   0.068   0.056
       246    0     0.490    97.088    98.638   -80.862  -0.162  -0.067   0.984   0.352  -0.936  -0.006   0.922   0.346   0.175   0.080   0.043
       247    0     0.527    95.907   -99.243   -81.154  -0.229   0.078   0.970   0.967  -0.094   0.236   0.110   0.993  -0.054   0.032   0.008
       248    0     0.405    93.694    98.877   -81.713  -0.327  -0.027   0.945  -0.287  -0.949  -0.127   0.900  -0.313   0.302   0.078   0.052
       249    0     0.513    89.515    89.002   -89.002  -0.589  -0.606   0.535   0.146  -0.731  -0.667   0.795  -0.314   0.518   0.076   0.056
       250    0     0.463    90.281    87.201   -90.602  -0.537  -0.715   0.447   0.834  -0.531   0.153   0.128   0.455   0.881   0.055   0.027
       251    0     0.417    97.307    88.758   -84.751  -0.148  -0.629   0.763  -0.335  -0.694  -0.637   0.931  -0.350  -0.108   0.073   0.058
       252    0     0.590   -92.200   -84.052    97.447   0.445   0.894  -0.047   0.506  -0.208   0.837   0.739  -0.397  -0.545   0.050   0.037
       253    0     0.554   -94.847   -82.962   -96.810   0.309   0.948   0.083  -0.894   0.259   0.366   0.325  -0.187   0.927   0.092   0.061
       254    0     0.490   -91.378   -84.508   -96.848   0.465   0.884   0.051  -0.653   0.303   0.694   0.598  -0.355   0.719   0.044  -0.007
       255    0     0.510    97.682    86.437    87.041  -0.138  -0.761  -0.633  -0.277   0.644  -0.714   0.951   0.076  -0.300   0.064   0.046
       256    0     0.503    99.813    84.810    89.032  -0.019  -0.850  -0.527   0.944   0.159  -0.291   0.331  -0.503   0.799   0.061   0.053
       257    0     0.524   -93.370   -85.123   -91.146   0.375   0.832   0.409   0.628  -0.552   0.548   0.682   0.051  -0.730   0.053   0.039
       258    0     0.518    97.243    82.756    94.692  -0.149  -0.968  -0.200  -0.429   0.245  -0.870   0.891  -0.043  -0.452   0.075   0.052
       259    0     0.445    94.177    83.462    94.958  -0.311  -0.928  -0.206  -0.447   0.334  -0.830   0.839  -0.166  -0.519   0.058   0.053
       260    0     0.496   -94.116    99.863   -81.550   0.306  -0.039   0.951   0.463  -0.867  -0.184   0.832   0.497  -0.248   0.052   0.041
       261    0     0.513   -97.136    98.541   -80.846   0.192  -0.084   0.978  -0.421  -0.907   0.005   0.886  -0.413  -0.209   0.053   0.040
       262    0     0.491    87.057   -94.289    87.414  -0.709   0.329  -0.624  -0.472   0.435   0.767   0.524   0.838  -0.153   0.081   0.057
       263    0     0.360    92.236    85.634    91.094  -0.440  -0.800  -0.409  -0.425   0.587  -0.689   0.791  -0.129  -0.598   0.066   0.046
       264    0     0.422    93.198    86.577    88.786  -0.393  -0.721  -0.570  -0.515   0.687  -0.513   0.762   0.092  -0.641   0.068   0.049
       265    0     0.592    85.388   -91.987    92.125  -0.834   0.421  -0.358  -0.513  -0.350   0.784   0.205   0.837   0.508   0.047   0.037
       266    0     0.554    85.446   -94.697    89.506  -0.833   0.321  -0.450  -0.512  -0.754   0.411  -0.208   0.573   0.793   0.055   0.046
       267    0     0.482   -92.929    85.271    91.278   0.404  -0.832  -0.381   0.581   0.555  -0.595   0.707   0.019   0.707   0.050   0.027
       268    0     0.539   -98.163   -82.306   -97.100   0.092   0.993   0.073   0.132  -0.084   0.988   0.987  -0.081  -0.138   0.058   0.043
       269    0     0.532   -99.132   -82.236    96.947   0.041   0.996  -0.073  -0.079   0.076   0.994   0.996  -0.035   0.082   0.061   0.052
       270    0     0.507    98.351   -82.234   -97.648  -0.067   0.997   0.035   0.365  -0.008   0.931   0.928   0.075  -0.364   0.056   0.049
       271    0     0.474   -99.043   -95.917   -81.058   0.071   0.250   0.966  -0.182  -0.949   0.259   0.981  -0.194  -0.022   0.060   0.053
       272    0     0.436   -95.293   -95.993   -81.626   0.225   0.248   0.942   0.335  -0.928   0.164   0.915   0.278  -0.292   0.072   0.055
       273    0     0.554   -98.109   -93.839   -81.822   0.118   0.350   0.929  -0.941  -0.259   0.217   0.316  -0.900   0.299   0.045   0.014
       274    0     0.587    92.225   -85.870    90.854  -0.466   0.784  -0.410  -0.582   0.078   0.810   0.667   0.615   0.420   0.056   0.043
       275    0     0.456    94.796   -84.137    91.941  -0.308   0.874  -0.377  -0.923  -0.371  -0.106  -0.232   0.315   0.920   0.082   0.065
